SG.GET.JOBS.EQ,SG.NGT.WORK.EQ,SG.DNG.WORK.DN.EQ,SG.IND.WORK.EQ,SG.PEN.SXHR.EM,SG.DML.PRGW,SG.LAW.EQRM.WK,SH.MMR.LEVE,SH.PAR.LEVE.MA,SH.PAR.LEVE.FE,SH.PTR.LEVE,SH.PAR.LEVE,SH.PTR.LEVE.AL,SH.MMR.LEVE.AL,SG.AGE.FUPN.EQ,SG.AGE.PAPN.EQ,SH.MMR.LEVE.GT,SG.LAW.NODC.HR,SG.LAW.NMCN,SG.AGE.MRET.EQ,SG.ABS.PENB,SG.LEG.SXHR.EM,SG.LEG.DVAW,SH.PAR.LEVE.AL,SG.LAW.INDX,SG.LAW.INDX.EN,SG.LAW.INDX.PR,SG.LAW.INDX.PY,SG.LAW.INDX.PE,SG.LAW.INDX.WP
1,1,1,1,1,1,1,42,0,0,14,231,1,1,1,1,0,1,1,1,1,1,1,1,97.5,100,80,100,100,100
1,0,0,0,1,0,0,90,0,0,14,0,1,0,0,0,0,0,0,1,0,1,0,0,38.125,75,20,0,25,75
1,1,1,1,1,1,1,365,0,0,3,0,1,1,0,0,1,1,1,1,1,1,1,0,91.25,100,80,100,50,100
1,0,0,1,1,0,1,98,0,0,3,0,1,1,0,0,1,0,0,0,1,1,1,0,57.5,75,60,50,25,75
1,1,0,0,0,1,1,90,0,0,1,0,1,0,0,1,1,1,1,0,0,0,1,0,73.125,100,60,50,25,50
1,1,1,1,0,0,0,91,0,0,0,0,0,0,1,1,0,1,0,1,0,0,1,0,66.25,75,0,75,75,50
1,1,0,0,0,1,1,90,0,0,2,0,1,0,0,1,1,1,1,1,0,1,1,0,76.25,75,60,50,50,75
1,1,1,1,0,1,0,140,0,0,0,660,0,1,1,1,1,1,1,1,1,0,1,1,85,75,80,75,100,50
1,1,1,1,1,1,1,0,0,0,14,126,1,1,1,1,1,1,1,1,0,1,1,1,96.875,100,100,100,75,100
1,1,1,1,1,1,1,112,0,0,30,365,1,1,0,1,1,1,1,1,1,1,1,1,96.875,100,100,100,75,100
1,0,0,0,1,1,0,126,0,0,0,1039,0,1,0,1,1,1,1,1,0,1,1,1,78.75,100,80,0,50,100
1,1,1,1,1,1,0,84,0,0,0,0,0,0,1,1,0,1,1,1,1,1,1,0,81.25,75,20,75,100,100
0,0,1,0,1,1,0,60,0,0,1,0,1,0,0,1,0,1,0,1,1,1,1,0,55.625,100,40,25,75,75
1,1,0,0,0,0,0,112,0,0,0,0,0,1,0,0,0,0,0,1,0,1,1,0,49.375,75,20,25,25,50
1,1,1,0,1,1,0,84,0,0,0,0,0,0,1,1,1,1,1,1,1,1,1,0,80,75,40,50,100,100
1,1,0,0,0,1,1,126,0,0,0,1095,0,1,0,0,1,1,1,1,1,0,1,1,75.625,75,80,50,50,50
1,1,1,1,1,1,1,105,120,120,14,0,1,1,1,1,1,1,1,1,1,1,1,1,100,100,100,100,100,100
1,1,1,0,1,1,0,98,0,0,0,0,0,1,1,1,1,0,1,1,1,1,1,0,79.375,75,60,50,100,75
1,1,0,0,1,1,1,98,0,0,3,0,1,1,1,1,0,1,0,1,1,1,1,0,77.5,75,60,50,100,100
1,1,1,1,1,1,1,56,0,0,7,0,1,0,0,0,0,1,0,1,0,1,1,0,71.875,50,40,100,25,100
1,1,1,1,1,1,1,90,0,0,3,0,1,0,0,1,1,0,1,1,1,1,1,0,88.75,100,60,100,75,75
1,0,1,0,1,1,1,365,0,0,9,0,1,1,1,0,1,1,1,1,0,1,1,0,85,100,80,50,50,100
1,1,1,1,0,0,0,84,0,0,0,0,0,0,1,1,0,0,0,1,1,0,1,0,63.75,75,0,75,100,25
1,1,1,1,1,1,0,120,0,0,7,0,1,1,0,1,1,1,1,0,1,1,1,0,85,75,80,75,50,100
1,1,1,1,0,0,0,91,0,0,0,0,0,0,1,1,0,0,1,1,1,0,1,0,53.125,75,0,75,100,25
1,1,1,1,1,1,1,410,0,0,21,365,1,1,0,0,1,1,1,0,1,1,1,1,90.625,100,100,100,25,100
1,1,0,0,1,1,0,98,0,0,3,0,1,1,1,1,1,1,1,1,1,1,1,0,82.5,100,80,25,100,100
1,1,1,1,1,1,0,84,0,0,4,0,1,0,1,1,0,1,1,1,0,1,1,0,73.125,75,40,75,75,100
1,1,1,1,1,1,0,60,0,0,2,0,1,0,0,1,0,1,1,1,1,1,1,0,86.25,100,40,75,75,100
1,1,1,1,1,1,0,90,0,0,0,0,0,0,0,0,0,1,1,1,0,1,1,0,75,100,20,75,25,100
0,1,0,0,1,1,0,98,0,0,3,0,1,1,1,1,1,1,1,1,1,1,0,0,60,50,80,25,100,75
1,1,1,1,1,1,1,105,35,35,0,210,1,1,1,1,1,1,1,1,1,1,1,1,100,100,100,100,100,100
1,1,0,0,1,0,0,98,0,0,1,0,1,1,1,1,1,1,1,1,1,1,1,0,76.875,75,60,25,100,100
0,1,0,0,1,1,1,98,0,0,1,0,1,1,1,1,0,1,1,1,1,1,1,0,66.25,50,60,50,100,75
1,1,1,1,0,1,0,126,0,42,7,42,1,1,0,1,1,1,1,1,1,1,1,1,80,75,100,75,75,75
1,1,0,0,1,1,0,128,0,0,14,0,1,1,0,1,1,1,1,0,0,1,1,0,75.625,75,80,25,25,100
1,1,1,0,1,1,0,126,0,0,10,0,1,1,0,1,1,1,1,1,0,1,1,0,81.875,75,80,50,50,100
0,1,1,1,1,1,1,98,0,0,0,0,0,1,1,1,0,1,0,1,0,1,1,0,65,75,40,100,75,75
1,1,0,1,1,1,0,98,0,0,2,0,1,1,1,1,1,1,1,1,1,1,0,0,78.75,100,80,50,100,100
1,1,0,0,0,0,0,105,0,0,0,0,0,1,1,1,0,0,1,1,1,0,0,0,49.375,75,20,25,100,25
1,1,0,1,1,1,1,120,0,0,0,0,0,1,1,1,0,1,1,1,1,1,1,0,86.25,75,40,75,100,100
1,1,0,0,1,1,1,98,0,0,2,0,1,1,1,1,1,1,1,1,1,1,0,0,83.125,75,80,50,100,100
1,1,1,1,1,1,1,208,120,120,0,0,1,1,0,0,1,1,1,1,1,1,1,1,93.75,100,100,100,50,100
1,1,1,0,1,1,1,126,0,0,14,0,1,1,1,1,1,1,1,1,1,1,1,0,91.25,100,80,75,100,100
1,1,1,1,1,1,1,196,0,0,7,720,1,1,0,0,1,1,1,1,1,1,1,1,93.75,100,100,100,50,100
1,1,1,1,1,1,1,126,0,0,14,224,1,1,1,1,1,1,1,1,1,1,1,1,100,100,100,100,100,100
1,1,0,0,1,1,1,98,0,0,3,0,1,1,0,1,0,1,0,1,1,1,1,0,68.125,100,60,50,75,100
1,1,1,0,0,0,0,84,0,0,0,0,0,0,1,1,0,0,1,1,0,0,1,0,62.5,75,0,50,75,25
1,1,1,1,1,1,0,98,0,0,2,0,1,1,1,1,0,1,1,1,0,1,1,0,86.25,100,60,75,75,100
1,1,1,1,1,1,1,84,0,0,14,0,1,0,1,1,0,1,1,1,1,1,1,0,89.375,75,40,100,100,100
0,0,0,0,1,1,0,90,0,0,0,0,0,0,1,1,0,1,0,1,1,1,0,0,45,75,20,0,100,75
1,1,1,1,1,1,0,112,0,0,3,0,1,1,0,1,1,1,1,1,1,1,1,0,88.75,100,80,75,75,100
0,1,1,1,0,1,1,84,0,0,3,0,1,0,1,1,1,1,1,1,0,0,0,0,51.875,0,60,100,75,25
1,1,1,1,1,1,0,60,0,0,0,0,0,0,0,0,0,1,1,1,0,1,0,0,69.375,75,20,75,25,100
1,1,1,1,1,1,1,140,30,0,0,465,1,1,1,1,1,1,1,1,1,1,0,1,97.5,100,100,100,100,100
0,1,1,0,0,1,0,14,0,0,0,0,0,0,1,1,0,1,1,1,0,0,1,0,46.25,0,20,50,75,25
1,1,0,0,1,1,0,120,0,0,3,0,1,1,1,1,0,1,1,1,0,1,1,0,76.875,75,60,25,75,100
1,1,1,0,1,1,0,98,0,0,2,0,1,1,1,1,0,1,1,1,0,1,1,0,82.5,75,60,50,75,100
1,1,1,1,1,1,1,147,0,0,76,221,1,1,1,1,0,1,1,1,1,1,1,1,97.5,100,80,100,100,100
1,1,1,1,1,1,1,112,180,180,11,0,1,1,1,1,1,1,1,1,1,1,1,1,100,100,100,100,100,100
0,1,0,0,1,1,0,98,0,0,3,0,1,1,1,1,1,1,1,1,1,1,0,0,57.5,50,80,25,100,75
1,1,1,1,0,1,0,180,0,0,14,0,1,1,1,1,0,1,1,1,0,0,1,0,69.375,75,60,75,75,50
1,1,1,1,1,1,0,183,0,0,0,0,0,1,0,1,1,1,1,1,0,1,1,0,85.625,100,60,75,50,100
1,1,1,1,1,1,1,98,60,60,0,300,1,1,1,1,0,1,1,1,1,1,1,1,97.5,100,80,100,100,100
1,1,1,0,1,1,0,84,0,0,0,0,0,0,1,1,0,1,0,1,0,1,1,0,75,75,20,50,75,100
1,1,1,1,1,1,1,119,0,0,2,0,1,1,1,1,1,1,1,1,1,1,1,0,97.5,100,80,100,100,100
1,1,1,1,0,1,1,90,0,0,0,0,0,0,1,1,0,1,1,1,1,0,1,0,80.625,75,20,100,100,50
1,1,0,1,0,1,0,84,0,0,2,0,1,0,1,1,1,0,1,1,0,0,1,0,70.625,75,60,50,75,25
1,1,0,0,1,0,1,98,0,0,0,0,0,1,1,1,0,1,0,1,1,1,0,0,73.75,100,20,50,100,100
0,0,0,0,0,0,0,60,0,0,0,0,0,0,1,1,1,1,1,1,0,0,1,0,42.5,25,20,0,75,25
1,1,1,1,1,1,1,91,0,0,0,0,0,0,1,1,1,1,1,1,1,1,1,0,86.875,100,40,100,100,100
1,1,1,1,0,1,1,84,0,0,0,0,0,0,1,1,1,1,1,1,0,0,0,0,61.25,75,40,100,75,50
1,1,0,1,1,1,0,84,0,0,0,0,0,0,0,1,0,1,1,1,0,1,1,0,75,100,20,50,50,100
1,1,1,1,1,1,0,70,0,0,7,0,1,0,1,1,0,1,1,1,1,1,1,0,89.375,100,40,75,100,100
1,1,1,1,1,1,0,168,0,0,7,225,1,1,1,1,1,1,1,1,1,1,1,1,96.875,100,100,75,100,100
1,1,1,1,1,1,1,120,0,0,120,60,1,1,1,1,1,1,1,1,1,1,1,1,100,100,100,100,100,100
1,0,1,0,1,0,0,182,0,0,0,0,0,1,1,1,1,1,0,1,0,1,1,0,74.375,75,40,25,75,100
1,1,1,1,0,1,0,90,0,0,2,0,1,0,1,1,0,1,1,1,0,0,1,0,64.375,75,40,75,75,50
0,1,0,1,0,0,0,180,0,0,14,0,1,1,0,1,1,0,0,0,0,0,0,0,31.25,75,60,50,25,0
1,0,0,1,1,0,1,98,0,0,0,0,0,1,0,1,0,1,0,0,1,1,0,0,45,75,20,50,50,100
1,1,1,1,1,1,1,182,14,14,14,0,1,1,1,1,1,1,1,1,1,1,1,1,100,100,100,100,100,100
1,1,0,0,1,1,1,105,0,0,0,0,0,1,0,1,1,1,1,1,1,1,1,0,80.625,100,60,50,75,100
1,1,1,1,1,1,1,150,210,180,9,0,1,1,1,1,1,1,1,1,1,1,1,1,97.5,100,100,100,100,100
1,1,1,0,0,1,0,56,0,0,0,0,0,0,1,1,0,0,1,1,0,0,1,0,68.125,75,20,50,75,25
1,1,0,0,0,1,0,98,365,309,0,0,1,1,1,1,1,1,1,1,1,0,1,1,78.75,75,100,25,100,50
0,1,1,0,0,0,1,70,0,0,3,0,1,0,0,1,1,0,0,1,1,0,1,0,46.875,100,40,75,75,0
1,1,0,0,0,1,0,126,0,0,0,309,0,1,0,0,1,1,1,0,1,0,1,1,69.375,75,80,25,25,50
1,1,1,1,1,1,1,90,0,0,14,0,1,0,1,1,0,1,1,1,0,1,1,0,80.625,50,40,100,75,100
1,1,1,1,1,1,1,84,0,0,0,0,0,0,1,1,0,1,0,1,0,1,1,0,76.25,75,20,100,75,100
1,1,0,0,1,1,0,90,365,365,14,0,1,1,1,1,0,1,1,1,1,1,1,1,85,75,80,25,100,100
1,1,1,1,1,1,1,270,0,0,7,0,1,1,1,1,0,1,1,1,0,1,1,0,91.875,100,60,100,75,100
0,0,0,0,0,0,0,70,0,0,0,0,0,0,0,0,0,0,0,1,0,0,1,0,28.75,75,0,0,25,0
1,1,0,0,1,1,0,126,0,0,0,0,0,1,0,0,0,1,1,1,1,1,1,0,76.875,100,40,25,50,100
1,1,1,1,1,1,0,105,0,0,3,0,1,1,0,1,1,1,1,1,0,1,1,0,88.125,100,80,75,50,100
1,1,1,1,1,1,1,112,0,0,10,309,1,1,1,1,1,1,1,1,1,1,1,1,100,100,100,100,100,100
1,1,1,0,0,1,0,70,0,0,0,0,0,0,0,0,0,1,0,1,0,0,1,0,52.5,75,20,50,25,50
1,1,1,0,0,1,1,84,0,0,0,0,0,0,1,1,0,1,1,1,1,1,0,0,78.125,75,20,75,100,75
1,1,1,1,1,0,1,98,0,0,0,0,0,1,1,1,0,1,0,1,0,1,1,0,81.25,75,20,100,75,100
1,1,0,1,0,1,1,98,0,0,0,0,0,1,0,1,0,1,0,0,0,0,0,0,50,75,40,75,25,50
1,1,1,1,1,1,1,126,0,0,30,309,1,1,0,0,1,1,1,1,1,1,1,1,93.75,100,100,100,50,100
1,1,1,1,1,1,1,112,180,180,14,0,1,1,1,1,1,1,1,1,1,1,1,1,100,100,100,100,100,100
1,1,0,0,1,1,0,98,0,0,0,0,0,1,1,1,0,1,1,1,1,1,1,0,71.875,75,40,25,100,100
1,1,1,1,1,1,1,56,0,0,0,0,0,0,1,1,0,1,1,1,0,1,1,0,77.5,75,20,100,75,100
1,1,1,0,0,0,0,60,0,0,0,0,0,0,1,1,0,0,1,1,0,1,1,0,50,75,0,50,75,50
1,1,1,1,1,1,0,60,0,0,3,0,1,0,1,1,0,1,0,1,0,1,1,0,73.75,100,40,75,75,100
1,1,0,0,0,0,1,98,0,0,3,0,1,1,1,1,1,1,0,1,1,0,0,0,60.625,75,60,50,100,50
1,1,1,0,1,1,1,126,0,0,1,0,1,1,1,1,0,1,1,1,0,1,1,0,88.75,100,60,75,75,100
1,1,1,1,0,0,1,0,0,0,0,0,0,0,1,1,0,1,0,1,0,0,1,0,65.625,100,0,100,75,50
0,1,0,0,0,0,0,98,0,0,1,0,1,1,1,1,1,1,0,1,1,0,0,0,48.125,75,60,25,100,25
1,1,1,1,1,1,1,98,0,0,7,0,1,1,1,1,0,1,1,1,0,1,1,0,89.375,100,60,100,75,100
1,1,1,1,1,1,0,84,0,0,7,0,1,0,1,1,1,1,1,1,0,1,1,0,88.75,100,60,75,75,100
1,1,1,1,0,0,0,0,0,0,0,0,0,0,1,1,0,0,0,1,0,0,1,0,61.25,75,0,75,75,25
1,1,1,1,0,1,1,126,0,0,14,1039,1,1,0,0,1,1,1,0,1,1,1,1,87.5,100,100,100,25,75
1,1,1,1,1,1,0,120,0,1095,0,0,0,1,0,0,1,1,1,1,0,1,1,1,85,100,80,75,25,100
1,0,1,1,1,1,0,98,0,0,0,295,0,1,0,0,1,1,1,1,1,1,1,1,85,100,80,50,50,100
1,1,0,0,1,1,1,98,0,0,3,0,1,1,1,1,1,1,0,1,0,1,1,0,75.625,100,80,50,75,100
1,1,0,1,1,1,0,60,0,0,1,0,1,0,0,1,1,1,1,0,1,1,1,0,82.5,100,60,50,50,100
1,1,1,0,0,0,0,98,0,0,21,0,1,1,0,0,1,0,0,1,0,0,0,0,58.75,75,60,50,25,25
1,1,1,1,1,1,1,84,0,0,0,0,0,0,1,1,1,1,1,1,1,1,1,0,86.25,75,40,100,100,100
1,1,1,1,1,0,1,98,0,0,21,0,1,1,1,1,0,1,0,1,0,1,1,0,80.625,75,40,100,75,100
1,1,1,1,1,1,1,112,0,0,42,0,1,1,1,1,1,1,1,1,1,1,1,0,97.5,100,80,100,100,100
1,1,1,1,1,1,1,0,0,0,0,182,0,1,1,1,1,1,1,1,1,1,1,1,97.5,100,80,100,100,100
1,1,1,1,1,1,0,84,0,0,7,0,1,0,1,1,0,1,1,1,0,1,1,0,86.25,100,40,75,75,100
0,1,0,1,1,1,1,98,0,0,1,0,1,1,1,1,0,1,0,1,1,1,0,0,56.875,50,60,75,100,75
1,1,1,0,1,0,0,84,0,0,0,0,0,0,1,1,0,0,0,1,0,1,1,0,63.125,75,0,50,75,75
1,1,1,0,1,1,0,270,0,0,2,0,1,1,0,0,1,1,1,1,1,1,1,0,85,100,80,50,50,100
1,1,1,1,1,1,1,0,105,126,0,112,1,1,1,1,1,1,1,1,1,1,1,1,96.875,75,100,100,100,100
1,0,0,1,1,0,0,50,0,0,0,0,0,0,0,1,0,0,0,1,0,1,0,0,35.625,75,0,25,50,75
1,0,1,0,1,0,0,112,0,0,0,0,0,1,0,0,0,1,0,1,1,1,1,0,55.625,75,20,25,50,100
1,1,1,1,0,0,0,0,0,0,0,0,0,0,1,1,0,0,0,1,0,0,1,0,56.25,75,0,75,75,25
1,1,0,1,1,1,0,98,0,0,3,0,1,1,0,0,1,1,1,1,1,1,1,0,79.375,75,80,50,50,100
1,1,0,0,0,0,0,0,0,0,0,0,0,0,1,1,0,1,0,1,0,0,1,0,60,75,0,25,75,50
1,1,1,1,1,1,1,126,0,0,14,0,1,1,1,1,1,1,1,1,0,1,1,0,94.375,100,80,100,75,100
1,1,1,1,1,1,1,98,0,0,14,0,1,1,1,1,1,1,1,1,1,1,1,0,95,100,80,100,100,100
1,1,1,1,1,1,1,105,0,0,9,0,1,1,1,1,0,1,1,1,0,1,1,0,78.75,100,60,100,75,100
1,1,1,1,1,1,1,140,0,0,14,224,1,1,0,1,1,1,1,0,1,1,1,1,93.75,100,100,100,50,100
1,1,1,1,1,1,1,0,30,42,35,78,1,1,1,1,1,1,1,1,1,1,1,1,100,100,100,100,100,100
1,1,1,1,1,1,0,56,0,0,0,0,0,0,1,1,0,1,1,1,0,1,1,0,83.75,100,20,75,75,100
0,1,0,1,0,0,0,50,0,0,0,0,0,0,0,0,0,0,0,1,0,0,0,0,29.375,75,0,50,25,0
1,1,1,1,1,1,1,126,30,30,21,607,1,1,0,0,1,1,1,0,1,1,1,1,90.625,100,100,100,25,100
1,1,0,0,0,1,1,140,0,0,0,475,0,1,0,0,1,1,1,1,1,0,0,1,73.125,75,80,50,50,50
1,1,1,1,1,0,1,84,0,0,4,0,1,0,1,1,0,1,1,1,0,1,1,0,83.75,75,20,100,75,100
1,1,1,1,1,1,0,28,0,0,7,0,1,0,1,1,0,1,1,1,0,1,1,0,75,75,40,75,75,100
1,1,1,1,0,1,0,635,0,0,0,0,0,1,1,1,1,1,1,1,1,0,1,0,80,75,60,75,100,50
1,1,1,1,1,1,0,98,0,0,0,0,0,1,0,1,1,1,1,1,1,1,1,0,83.125,75,60,75,75,100
1,1,1,1,1,1,1,70,0,0,3,0,1,0,1,1,0,1,0,1,1,1,1,0,80,100,40,100,100,100
1,1,0,0,1,0,0,98,0,0,1,0,1,1,1,1,1,1,0,1,1,1,1,0,66.875,75,60,25,100,100
1,1,1,1,1,1,1,135,0,0,7,230,1,1,0,0,1,1,1,1,1,1,1,1,93.75,100,100,100,50,100
1,1,1,1,0,1,0,112,0,0,14,0,1,1,1,1,1,1,0,1,0,0,1,0,76.25,75,80,75,75,50
1,1,1,0,1,0,0,84,0,0,0,0,0,0,1,1,0,0,0,1,0,1,1,0,69.375,75,0,50,75,75
1,1,1,1,1,0,0,84,0,0,14,28,1,1,1,1,0,0,1,1,0,1,1,1,82.5,75,60,75,75,75
1,1,1,1,1,1,0,238,0,0,0,899,0,1,0,0,1,1,1,0,1,1,1,1,85,100,80,75,25,100
1,1,1,0,1,1,1,105,130,130,30,0,1,1,1,1,1,1,1,1,1,1,1,1,96.875,100,100,75,100,100
1,0,1,0,0,0,0,84,0,0,0,0,0,0,1,1,0,0,0,1,0,0,1,0,56.875,75,0,25,75,25
1,0,1,0,0,1,1,98,0,0,0,0,0,1,0,0,0,1,0,1,0,0,0,0,46.875,75,40,50,25,50
1,1,1,1,1,1,1,120,0,0,14,0,1,1,0,0,1,1,1,1,0,1,1,0,88.125,100,80,100,25,100
1,1,1,1,1,1,1,90,0,0,14,0,1,0,0,0,0,1,0,1,0,1,0,0,67.5,75,40,100,25,100
1,1,1,1,1,1,1,112,0,0,84,0,1,1,1,1,1,1,1,1,1,1,1,0,97.5,100,80,100,100,100
1,0,1,0,1,1,0,84,0,0,0,0,0,0,0,1,0,0,0,1,0,1,1,0,65.625,75,20,25,50,75
1,1,1,0,0,1,0,91,0,0,0,0,0,0,1,1,1,0,0,1,1,0,1,0,71.25,75,40,50,100,25
1,1,1,1,1,1,1,91,0,0,0,0,0,0,1,1,1,1,1,1,1,1,1,0,83.75,75,40,100,100,100
1,1,1,0,0,1,0,91,0,0,0,0,0,0,1,1,0,0,1,1,1,0,1,0,68.125,75,20,50,100,25
0,0,0,0,0,1,0,56,0,0,0,0,0,0,1,1,0,0,0,1,1,0,0,0,29.375,75,20,0,100,0
1,1,1,1,0,1,0,112,0,0,8,0,1,1,1,1,0,1,1,1,0,0,1,0,73.75,50,60,75,75,50
1,1,1,1,1,1,1,0,90,90,14,300,1,1,1,1,1,1,1,1,1,1,1,1,100,100,100,100,100,100
1,1,1,1,1,1,1,98,0,0,0,0,0,1,0,0,1,1,1,1,1,1,1,0,85.625,75,60,100,50,100
0,0,0,0,0,1,0,120,0,0,0,0,0,1,0,1,0,1,0,1,0,0,0,0,40,75,40,0,50,25
1,1,0,0,0,1,1,140,0,475,0,0,0,1,0,0,1,1,1,1,1,0,1,1,78.75,100,80,50,50,50
1,1,1,1,1,1,1,84,0,0,3,0,1,0,1,1,1,1,1,1,0,1,0,0,81.25,75,60,100,75,100
1,1,1,0,1,1,1,90,0,0,0,0,0,0,1,1,0,1,1,1,0,1,1,0,78.125,75,20,75,75,100
1,1,1,1,0,1,1,84,0,0,7,0,1,0,1,1,1,1,1,1,1,1,1,0,86.25,75,60,100,100,75
1,1,1,1,1,1,1,98,0,0,2,0,1,1,1,1,0,1,0,1,1,1,0,0,84.375,75,60,100,100,100
1,1,1,1,0,0,0,0,0,0,0,0,0,0,1,1,0,0,0,1,0,0,1,0,58.75,75,0,75,75,25
1,1,1,1,0,0,0,98,0,0,0,0,0,1,1,1,0,1,1,1,1,0,1,0,75,100,20,75,100,50
1,0,1,0,1,0,0,30,0,0,1,0,1,0,1,1,1,0,0,1,1,1,1,0,64.375,75,40,25,100,75
1,1,1,0,1,1,1,112,0,0,7,0,1,1,0,1,1,1,1,1,0,1,1,0,82.5,75,80,75,50,100
1,1,1,1,1,1,1,84,0,0,4,0,1,0,1,1,0,1,0,1,0,1,1,0,73.125,75,40,100,75,100
1,0,0,0,1,1,0,126,0,0,0,0,0,1,0,1,1,1,1,1,1,1,1,0,79.375,100,60,0,75,100
1,1,1,1,1,1,1,45,7,7,0,0,1,0,1,1,0,1,0,1,1,1,1,1,82.5,100,60,100,100,100
1,1,1,1,1,1,0,0,70,70,0,0,1,0,1,1,1,1,1,1,0,1,1,1,91.25,100,80,75,75,100
1,1,1,0,1,1,1,98,0,0,13,0,1,1,1,1,1,1,1,1,1,1,1,0,88.75,75,80,75,100,100
1,1,0,0,0,1,0,126,0,0,0,674,0,1,0,0,0,1,1,1,1,0,0,1,70.625,100,60,25,50,50
1,0,1,1,0,0,0,84,0,0,0,0,0,0,1,1,0,0,0,1,0,0,1,0,55.625,100,0,50,75,25
1,1,1,1,1,1,0,182,0,0,14,0,1,1,0,1,1,1,1,1,0,1,1,0,85,75,80,75,50,100
1,1,1,0,1,1,1,180,0,0,7,0,1,1,0,0,1,1,1,0,0,1,1,0,81.875,100,80,75,0,100
0,0,0,0,0,0,0,70,0,0,0,0,0,0,0,0,0,1,0,1,0,0,0,0,26.25,75,0,0,25,25
0,0,0,1,0,0,0,70,0,0,0,0,0,0,0,0,0,1,0,1,0,0,0,0,26.875,75,0,25,25,25
1,1,1,1,1,1,1,98,0,0,0,0,0,1,1,1,0,1,0,1,0,1,1,0,81.25,100,40,100,75,100
